83 -54 119
69.4406 -48.6925 119.073
53.9258 -43.4851 118.593
37.1203 -38.3103 117.769
19.6891 -33.1008 116.812
2.29699 -27.7891 115.931
-14.3911 -22.3079 115.336
-29.7102 -16.5898 115.237
-42.9955 -10.5673 115.844
-53.5822 -4.17316 117.367
-60.8053 2.66016 120.016
-64 10 124
-62.7397 17.8657 129.457
-57.5515 26.0841 136.23
-49.2006 34.4339 144.092
-38.4523 42.6941 152.811
-26.072 50.6433 162.161
-12.825 58.0604 171.911
0.523434 64.7242 181.832
13.2079 70.4133 191.697
24.4631 74.9067 201.274
33.5237 77.9831 210.337
39.6245 79.4213 218.655
42 79 226
40.1168 76.5991 232.181
34.3689 72.5027 237.164
25.382 67.0958 240.953
13.7819 60.7635 243.552
0.194383 53.8909 244.965
-14.7548 46.863 245.197
-30.4397 40.065 244.251
-46.2348 33.8819 242.131
-61.5141 28.6987 238.842
-75.652 24.9006 234.388
-88.0225 22.8727 228.772
-98 23 222
-105.09 25.5443 214.107
-109.321 30.2738 205.261
-110.853 36.8337 195.66
-109.847 44.8689 185.505
-106.463 54.0244 174.993
-100.861 63.9452 164.325
-93.2016 74.2763 153.7
-83.6443 84.6628 143.316
-72.3496 94.7496 133.373
-59.4776 104.182 124.071
-45.1886 112.604 115.609
-29.6426 119.662 108.185
-13 125 102
4.53639 128.353 97.1913
22.5924 129.816 93.6551
40.751 129.573 91.2265
58.5953 127.808 89.7406
75.7083 124.704 89.0324
91.6731 120.448 88.937
106.073 115.222 89.2896
118.49 109.211 89.9253
128.509 102.599 90.679
135.711 95.5702 91.386
139.68 88.3092 91.8813
140 81 92
136.413 73.8055 91.6405
129.301 66.8036 90.9541
119.207 60.0507 90.1558
106.674 53.6034 89.4602
92.2445 47.5182 89.0821
76.4605 41.8515 89.2362
59.8649 36.66 90.1372
43 32 92
26.3624 27.8729 94.9782
10.2639 24.0586 98.9816
-5.02963 20.2821 103.859
-19.2523 16.2679 109.459
-32.1384 11.7409 115.63
-43.422 6.42583 122.221
-52.8374 0.0474945 129.08
-60.1187 -7.66937 136.057
-65 -17 143
-67.3187 -28.04 149.77
-67.3243 -40.1663 156.274
-65.3695 -52.5763 162.432
-61.8071 -64.4673 168.164
-56.9895 -75.0367 173.389
-51.2696 -83.4818 178.028
-45 -89 182
-38.4775 -90.9804 185.25
-31.7757 -89.5795 187.822
-24.9121 -85.1457 189.788
-17.9045 -78.0273 191.216
-10.7704 -68.5727 192.178
-3.52758 -57.13 192.743
3.80637 -44.0478 192.981
11.2138 -29.6743 192.963
18.677 -14.3578 192.759
26.1785 1.55323 192.438
33.7004 17.7106 192.071
41.2252 33.7659 191.729
48.7352 49.3708 191.48
56.2128 64.177 191.396
63.6402 77.8362 191.546
71 90 192
